0,35,70,105,140,175,210,245,280,315,350,385,420,455,490,525,560,595,630,1,0,0,0,0,0,0,0,0,0,0,0,0,0,0,0,0,0,
2,35,70,105,140,175,210,245,280,315,350,385,420,455,490,525,560,595,630,1,0,0,0,0,0,0,0,0,0,0,0,0,0,0,0,0,0,
3,35,70,105,140,175,210,245,280,315,350,385,420,455,490,525,560,595,630,6,6,6,6,6,6,6,6,6,6,6,6,6,6,6,6,6,2,
4,35,70,105,140,175,210,245,280,315,350,385,420,455,490,525,560,595,630,6,6,6,6,6,6,6,6,6,6,6,6,6,6,6,6,6,2,
5,35,70,105,140,175,210,245,280,315,350,385,420,455,490,525,560,595,630,1,6,6,6,6,6,6,6,6,6,6,6,6,6,6,6,6,2,beers[0] < pivot
5,35,70,105,140,175,210,245,280,315,350,385,420,455,490,525,560,595,630,6,1,6,6,6,6,6,6,6,6,6,6,6,6,6,6,6,2,beers[1] < pivot
5,35,70,105,140,175,210,245,280,315,350,385,420,455,490,525,560,595,630,6,6,1,6,6,6,6,6,6,6,6,6,6,6,6,6,6,2,beers[2] < pivot
5,35,70,105,140,175,210,245,280,315,350,385,420,455,490,525,560,595,630,6,6,6,1,6,6,6,6,6,6,6,6,6,6,6,6,6,2,beers[3] < pivot
5,35,70,105,140,175,210,245,280,315,350,385,420,455,490,525,560,595,630,6,6,6,6,1,6,6,6,6,6,6,6,6,6,6,6,6,2,beers[4] < pivot
6,35,70,105,140,175,210,245,280,315,350,385,420,455,490,525,560,595,630,6,6,6,6,6,1,6,6,6,6,6,6,6,6,6,6,6,2,beers[5] >= pivot
9,35,70,105,140,175,210,245,280,315,350,385,420,455,490,525,560,595,630,6,6,6,6,6,1,6,6,6,6,6,6,6,6,6,6,2,7,beers[16] <= pivot
11,35,70,105,140,175,210,245,280,315,350,385,420,455,490,525,560,595,630,6,6,6,6,6,1,6,6,6,6,6,6,6,6,6,6,2,7,swap beers[5] and beers[16]
12,35,70,105,140,175,595,245,280,315,350,385,420,455,490,525,560,210,630,6,6,6,6,6,2,6,6,6,6,6,6,6,6,6,6,1,7,
15,35,70,105,140,175,595,245,280,315,350,385,420,455,490,525,560,210,630,6,6,6,6,6,2,6,6,6,6,6,6,6,6,6,6,1,7,
4,35,70,105,140,175,595,245,280,315,350,385,420,455,490,525,560,210,630,6,6,6,6,6,2,6,6,6,6,6,6,6,6,6,6,1,7,
5,35,70,105,140,175,595,245,280,315,350,385,420,455,490,525,560,210,630,6,6,6,6,6,2,1,6,6,6,6,6,6,6,6,6,6,7,beers[6] < pivot
5,35,70,105,140,175,595,245,280,315,350,385,420,455,490,525,560,210,630,6,6,6,6,6,2,6,1,6,6,6,6,6,6,6,6,6,7,beers[7] < pivot
6,35,70,105,140,175,595,245,280,315,350,385,420,455,490,525,560,210,630,6,6,6,6,6,2,6,6,1,6,6,6,6,6,6,6,6,7,beers[8] >= pivot
9,35,70,105,140,175,595,245,280,315,350,385,420,455,490,525,560,210,630,6,6,6,6,6,6,6,6,1,6,6,6,6,6,6,2,6,7,beers[15] <= pivot
11,35,70,105,140,175,595,245,280,315,350,385,420,455,490,525,560,210,630,6,6,6,6,6,6,6,6,1,6,6,6,6,6,6,2,6,7,swap beers[8] and beers[15]
12,35,70,105,140,175,595,245,280,560,350,385,420,455,490,525,315,210,630,6,6,6,6,6,6,6,6,2,6,6,6,6,6,6,1,6,7,
15,35,70,105,140,175,595,245,280,560,350,385,420,455,490,525,315,210,630,6,6,6,6,6,6,6,6,2,6,6,6,6,6,6,1,6,7,
4,35,70,105,140,175,595,245,280,560,350,385,420,455,490,525,315,210,630,6,6,6,6,6,6,6,6,2,6,6,6,6,6,6,1,6,7,
5,35,70,105,140,175,595,245,280,560,350,385,420,455,490,525,315,210,630,6,6,6,6,6,6,6,6,2,1,6,6,6,6,6,6,6,7,beers[9] < pivot
5,35,70,105,140,175,595,245,280,560,350,385,420,455,490,525,315,210,630,6,6,6,6,6,6,6,6,2,6,1,6,6,6,6,6,6,7,beers[10] < pivot
5,35,70,105,140,175,595,245,280,560,350,385,420,455,490,525,315,210,630,6,6,6,6,6,6,6,6,2,6,6,1,6,6,6,6,6,7,beers[11] < pivot
5,35,70,105,140,175,595,245,280,560,350,385,420,455,490,525,315,210,630,6,6,6,6,6,6,6,6,2,6,6,6,1,6,6,6,6,7,beers[12] < pivot
5,35,70,105,140,175,595,245,280,560,350,385,420,455,490,525,315,210,630,6,6,6,6,6,6,6,6,2,6,6,6,6,1,6,6,6,7,beers[13] < pivot
5,35,70,105,140,175,595,245,280,560,350,385,420,455,490,525,315,210,630,6,6,6,6,6,6,6,6,2,6,6,6,6,6,1,6,6,7,beers[14] < pivot
6,35,70,105,140,175,595,245,280,560,350,385,420,455,490,525,315,210,630,6,6,6,6,6,6,6,6,1,6,6,6,6,6,6,6,6,7,beers[15] >= pivot
9,35,70,105,140,175,595,245,280,560,350,385,420,455,490,525,315,210,630,6,6,6,6,6,6,6,6,1,6,6,6,6,6,2,6,6,7,beers[14] <= pivot
10,35,70,105,140,175,595,245,280,560,350,385,420,455,490,525,315,210,630,6,6,6,6,6,6,6,6,1,6,6,6,6,6,2,6,6,7,i >= j
18,35,70,105,140,175,595,245,280,560,350,385,420,455,490,525,315,210,630,6,6,6,6,6,6,6,6,1,6,6,6,6,6,2,6,6,7,swap beers[15] and pivot
19,35,70,105,140,175,595,245,280,630,350,385,420,455,490,525,315,210,560,6,6,6,6,6,6,6,6,7,6,6,6,6,6,2,6,6,1,
20,35,70,105,140,175,595,245,280,630,350,385,420,455,490,525,315,210,560,6,6,6,6,6,1,6,6,7,6,6,6,6,6,2,6,6,6,
23,35,70,105,140,175,595,245,280,630,350,385,420,455,490,525,315,210,560,6,6,6,6,6,1,6,6,7,6,6,6,6,6,2,6,6,6,
26,35,70,105,140,175,595,245,280,630,350,385,420,455,490,525,315,210,560,6,6,6,6,6,1,6,6,7,6,6,6,6,6,2,6,6,6,left quicksort(0, 14)
0,35,70,105,140,175,595,245,280,630,350,385,420,455,490,525,315,210,560,6,6,6,6,6,1,6,6,7,6,6,6,6,6,2,6,6,6,
2,35,70,105,140,175,595,245,280,630,350,385,420,455,490,525,315,210,560,6,6,6,6,6,1,6,6,7,6,6,6,6,6,2,6,6,6,
3,35,70,105,140,175,595,245,280,630,350,385,420,455,490,525,315,210,560,6,6,6,6,6,0,6,6,0,6,6,6,6,6,2,6,6,0,
4,35,70,105,140,175,595,245,280,630,350,385,420,455,490,525,315,210,560,6,6,6,6,6,0,6,6,0,6,6,6,6,6,2,6,6,0,
6,35,70,105,140,175,595,245,280,630,350,385,420,455,490,525,315,210,560,1,6,6,6,6,0,6,6,0,6,6,6,6,6,2,6,6,0,beers[0] >= pivot
7,35,70,105,140,175,595,245,280,630,350,385,420,455,490,525,315,210,560,1,6,6,6,6,0,6,6,0,6,6,6,6,2,7,6,6,0,beers[13] > pivot
7,35,70,105,140,175,595,245,280,630,350,385,420,455,490,525,315,210,560,1,6,6,6,6,0,6,6,0,6,6,6,2,6,7,6,6,0,beers[12] > pivot
9,35,70,105,140,175,595,245,280,630,350,385,420,455,490,525,315,210,560,1,6,6,6,6,0,6,6,0,6,6,2,6,6,7,6,6,0,beers[11] <= pivot
11,35,70,105,140,175,595,245,280,630,350,385,420,455,490,525,315,210,560,1,6,6,6,6,0,6,6,0,6,6,2,6,6,7,6,6,0,swap beers[0] and beers[11]
12,420,70,105,140,175,595,245,280,630,350,385,35,455,490,525,315,210,560,2,6,6,6,6,0,6,6,0,6,6,1,6,6,7,6,6,0,
15,420,70,105,140,175,595,245,280,630,350,385,35,455,490,525,315,210,560,2,6,6,6,6,0,6,6,0,6,6,1,6,6,7,6,6,0,
16,420,70,105,140,175,595,245,280,630,350,385,35,455,490,525,315,210,560,2,6,6,6,6,0,6,6,0,6,6,1,6,6,7,6,6,0,beers[11] = pivot; swap beers[11] & beers[13]
17,490,70,105,140,175,595,245,280,630,350,385,35,455,420,525,315,210,560,6,6,6,6,6,0,6,6,0,6,6,1,6,2,7,6,6,0,
4,490,70,105,140,175,595,245,280,630,350,385,35,455,420,525,315,210,560,6,6,6,6,6,0,6,6,0,6,6,1,6,2,7,6,6,0,
6,490,70,105,140,175,595,245,280,630,350,385,35,455,420,525,315,210,560,6,1,6,6,6,0,6,6,0,6,6,6,6,2,7,6,6,0,beers[1] >= pivot
7,490,70,105,140,175,595,245,280,630,350,385,35,455,420,525,315,210,560,6,1,6,6,6,0,6,6,0,6,2,6,6,6,7,6,6,0,beers[10] > pivot
7,490,70,105,140,175,595,245,280,630,350,385,35,455,420,525,315,210,560,6,1,6,6,6,0,6,6,0,2,6,6,6,6,7,6,6,0,beers[9] > pivot
9,490,70,105,140,175,595,245,280,630,350,385,35,455,420,525,315,210,560,6,1,6,6,6,0,6,6,0,6,6,6,6,6,7,2,6,0,beers[8] <= pivot
11,490,70,105,140,175,595,245,280,630,350,385,35,455,420,525,315,210,560,6,1,6,6,6,0,6,6,0,6,6,6,6,6,7,2,6,0,swap beers[1] and beers[8]
12,490,315,105,140,175,595,245,280,630,350,385,35,455,420,525,70,210,560,6,2,6,6,6,0,6,6,0,6,6,6,6,6,7,1,6,0,
13,490,315,105,140,175,595,245,280,630,350,385,35,455,420,525,70,210,560,6,2,6,6,6,0,6,6,0,6,6,0,6,6,7,1,6,0,beers[1] = pivot; swap beers[1] & beers[0]
14,490,315,105,140,175,595,245,280,630,350,385,70,455,420,525,35,210,560,6,2,6,6,6,0,6,6,0,6,6,1,6,6,7,0,6,0,
15,490,315,105,140,175,595,245,280,630,350,385,70,455,420,525,35,210,560,6,2,6,6,6,0,6,6,0,6,6,1,6,6,7,0,6,0,
4,490,315,105,140,175,595,245,280,630,350,385,70,455,420,525,35,210,560,6,2,6,6,6,0,6,6,0,6,6,1,6,6,7,0,6,0,
5,490,315,105,140,175,595,245,280,630,350,385,70,455,420,525,35,210,560,6,2,1,6,6,0,6,6,0,6,6,6,6,6,7,0,6,0,beers[2] < pivot
5,490,315,105,140,175,595,245,280,630,350,385,70,455,420,525,35,210,560,6,2,6,1,6,0,6,6,0,6,6,6,6,6,7,0,6,0,beers[3] < pivot
6,490,315,105,140,175,595,245,280,630,350,385,70,455,420,525,35,210,560,6,2,6,6,1,0,6,6,0,6,6,6,6,6,7,0,6,0,beers[4] >= pivot
7,490,315,105,140,175,595,245,280,630,350,385,70,455,420,525,35,210,560,6,6,6,6,1,0,6,2,0,6,6,6,6,6,7,0,6,0,beers[7] > pivot
7,490,315,105,140,175,595,245,280,630,350,385,70,455,420,525,35,210,560,6,6,6,6,1,0,2,6,0,6,6,6,6,6,7,0,6,0,beers[6] > pivot
7,490,315,105,140,175,595,245,280,630,350,385,70,455,420,525,35,210,560,6,6,6,6,1,0,6,6,0,6,6,6,6,6,7,0,2,0,beers[5] > pivot
7,490,315,105,140,175,595,245,280,630,350,385,70,455,420,525,35,210,560,6,6,6,6,1,0,6,6,0,6,6,6,6,6,7,0,6,0,beers[4] > pivot
9,490,315,105,140,175,595,245,280,630,350,385,70,455,420,525,35,210,560,6,6,6,2,1,0,6,6,0,6,6,6,6,6,7,0,6,0,beers[3] <= pivot
10,490,315,105,140,175,595,245,280,630,350,385,70,455,420,525,35,210,560,6,6,6,2,1,0,6,6,0,6,6,6,6,6,7,0,6,0,i >= j
18,490,315,105,140,175,595,245,280,630,350,385,70,455,420,525,35,210,560,6,6,6,2,1,0,6,6,0,6,6,6,6,6,7,0,6,0,swap beers[4] and pivot
19,490,315,105,140,525,595,245,280,630,350,385,70,455,420,175,35,210,560,6,6,6,2,7,0,6,6,0,6,6,6,6,6,1,0,6,0,
20,490,315,105,140,525,595,245,280,630,350,385,70,455,420,175,35,210,560,6,6,6,2,7,0,6,6,0,6,6,6,6,6,6,0,1,0,
23,490,315,105,140,525,595,245,280,630,350,385,70,455,420,175,35,210,560,6,6,6,2,7,0,6,6,0,6,6,6,6,6,6,0,1,0,
26,490,315,105,140,525,595,245,280,630,350,385,70,455,420,175,35,210,560,6,6,6,2,7,0,6,6,0,6,6,6,6,6,6,0,1,0,left quicksort(0, 3)
0,490,315,105,140,525,595,245,280,630,350,385,70,455,420,175,35,210,560,6,6,6,2,7,0,6,6,0,6,6,6,6,6,6,0,1,0,
2,490,315,105,140,525,595,245,280,630,350,385,70,455,420,175,35,210,560,6,6,6,2,7,0,6,6,0,6,6,6,6,6,6,0,1,0,
3,490,315,105,140,525,595,245,280,630,350,385,70,455,420,175,35,210,560,0,0,6,2,0,0,0,0,0,0,0,6,0,0,0,6,0,0,
4,490,315,105,140,525,595,245,280,630,350,385,70,455,420,175,35,210,560,0,0,6,2,0,0,0,0,0,0,0,6,0,0,0,6,0,0,
6,490,315,105,140,525,595,245,280,630,350,385,70,455,420,175,35,210,560,0,0,6,2,0,0,0,0,0,0,0,6,0,0,0,1,0,0,beers[0] >= pivot
9,490,315,105,140,525,595,245,280,630,350,385,70,455,420,175,35,210,560,0,0,2,7,0,0,0,0,0,0,0,6,0,0,0,1,0,0,beers[2] <= pivot
11,490,315,105,140,525,595,245,280,630,350,385,70,455,420,175,35,210,560,0,0,2,7,0,0,0,0,0,0,0,6,0,0,0,1,0,0,swap beers[0] and beers[2]
12,490,315,35,140,525,595,245,280,630,350,385,70,455,420,175,105,210,560,0,0,1,7,0,0,0,0,0,0,0,6,0,0,0,2,0,0,
13,490,315,35,140,525,595,245,280,630,350,385,70,455,420,175,105,210,560,0,0,1,7,0,0,0,0,0,0,0,6,0,0,0,2,0,0,beers[0] = pivot; swap beers[0] & beers[0]
14,490,315,35,140,525,595,245,280,630,350,385,70,455,420,175,105,210,560,0,0,1,7,0,0,0,0,0,0,0,6,0,0,0,2,0,0,
15,490,315,35,140,525,595,245,280,630,350,385,70,455,420,175,105,210,560,0,0,1,7,0,0,0,0,0,0,0,6,0,0,0,2,0,0,
4,490,315,35,140,525,595,245,280,630,350,385,70,455,420,175,105,210,560,0,0,1,7,0,0,0,0,0,0,0,6,0,0,0,2,0,0,
5,490,315,35,140,525,595,245,280,630,350,385,70,455,420,175,105,210,560,0,0,0,7,0,0,0,0,0,0,0,1,0,0,0,2,0,0,beers[1] < pivot
6,490,315,35,140,525,595,245,280,630,350,385,70,455,420,175,105,210,560,0,0,0,7,0,0,0,0,0,0,0,6,0,0,0,1,0,0,beers[2] >= pivot
9,490,315,35,140,525,595,245,280,630,350,385,70,455,420,175,105,210,560,0,0,0,7,0,0,0,0,0,0,0,2,0,0,0,1,0,0,beers[1] <= pivot
10,490,315,35,140,525,595,245,280,630,350,385,70,455,420,175,105,210,560,0,0,0,7,0,0,0,0,0,0,0,2,0,0,0,1,0,0,i >= j
18,490,315,35,140,525,595,245,280,630,350,385,70,455,420,175,105,210,560,0,0,0,7,0,0,0,0,0,0,0,2,0,0,0,1,0,0,swap beers[2] and pivot
19,490,315,35,105,525,595,245,280,630,350,385,70,455,420,175,140,210,560,0,0,0,1,0,0,0,0,0,0,0,2,0,0,0,7,0,0,
20,490,315,35,105,525,595,245,280,630,350,385,70,455,420,175,140,210,560,0,0,0,6,0,0,0,0,0,0,0,2,0,0,0,1,0,0,
23,490,315,35,105,525,595,245,280,630,350,385,70,455,420,175,140,210,560,0,0,0,6,0,0,0,0,0,0,0,2,0,0,0,1,0,0,
26,490,315,35,105,525,595,245,280,630,350,385,70,455,420,175,140,210,560,0,0,0,6,0,0,0,0,0,0,0,2,0,0,0,1,0,0,left quicksort(0, 1)
0,490,315,35,105,525,595,245,280,630,350,385,70,455,420,175,140,210,560,0,0,0,6,0,0,0,0,0,0,0,2,0,0,0,1,0,0,
2,490,315,35,105,525,595,245,280,630,350,385,70,455,420,175,140,210,560,0,0,0,6,0,0,0,0,0,0,0,2,0,0,0,1,0,0,
3,490,315,35,105,525,595,245,280,630,350,385,70,455,420,175,140,210,560,0,0,6,0,0,0,0,0,0,0,0,2,0,0,0,0,0,0,
4,490,315,35,105,525,595,245,280,630,350,385,70,455,420,175,140,210,560,0,0,6,0,0,0,0,0,0,0,0,2,0,0,0,0,0,0,
6,490,315,35,105,525,595,245,280,630,350,385,70,455,420,175,140,210,560,0,0,1,0,0,0,0,0,0,0,0,2,0,0,0,0,0,0,beers[0] >= pivot
7,490,315,35,105,525,595,245,280,630,350,385,70,455,420,175,140,210,560,0,0,1,0,0,0,0,0,0,0,0,7,0,0,0,0,0,0,beers[0] > pivot
8,490,315,35,105,525,595,245,280,630,350,385,70,455,420,175,140,210,560,0,0,1,0,0,0,0,0,0,0,0,7,0,0,0,0,0,0,j == left
9,490,315,35,105,525,595,245,280,630,350,385,70,455,420,175,140,210,560,0,0,1,0,0,0,0,0,0,0,0,7,0,0,0,0,0,0,beers[0] <= pivot
10,490,315,35,105,525,595,245,280,630,350,385,70,455,420,175,140,210,560,0,0,1,0,0,0,0,0,0,0,0,7,0,0,0,0,0,0,i >= j
18,490,315,35,105,525,595,245,280,630,350,385,70,455,420,175,140,210,560,0,0,1,0,0,0,0,0,0,0,0,7,0,0,0,0,0,0,swap beers[0] and pivot
19,490,315,70,105,525,595,245,280,630,350,385,35,455,420,175,140,210,560,0,0,7,0,0,0,0,0,0,0,0,1,0,0,0,0,0,0,
20,490,315,70,105,525,595,245,280,630,350,385,35,455,420,175,140,210,560,0,0,1,0,0,0,0,0,0,0,0,6,0,0,0,0,0,0,
23,490,315,70,105,525,595,245,280,630,350,385,35,455,420,175,140,210,560,0,0,1,0,0,0,0,0,0,0,0,6,0,0,0,0,0,0,
26,490,315,70,105,525,595,245,280,630,350,385,35,455,420,175,140,210,560,0,0,1,0,0,0,0,0,0,0,0,6,0,0,0,0,0,0,left quicksort(0, -1)
0,490,315,70,105,525,595,245,280,630,350,385,35,455,420,175,140,210,560,0,0,1,0,0,0,0,0,0,0,0,6,0,0,0,0,0,0,
1,490,315,70,105,525,595,245,280,630,350,385,35,455,420,175,140,210,560,0,0,1,0,0,0,0,0,0,0,0,6,0,0,0,0,0,0,beers[-1]  <= beers[0]; return
27,490,315,70,105,525,595,245,280,630,350,385,35,455,420,175,140,210,560,0,0,1,0,0,0,0,0,0,0,0,6,0,0,0,0,0,0,right quicksort(1, 1)
0,490,315,70,105,525,595,245,280,630,350,385,35,455,420,175,140,210,560,0,0,1,0,0,0,0,0,0,0,0,6,0,0,0,0,0,0,
1,490,315,70,105,525,595,245,280,630,350,385,35,455,420,175,140,210,560,0,0,1,0,0,0,0,0,0,0,0,6,0,0,0,0,0,0,beers[1]  <= beers[1]; return
28,490,315,70,105,525,595,245,280,630,350,385,35,455,420,175,140,210,560,0,0,1,0,0,0,0,0,0,0,0,6,0,0,0,0,0,0,
27,490,315,70,105,525,595,245,280,630,350,385,35,455,420,175,140,210,560,0,0,1,0,0,0,0,0,0,0,0,6,0,0,0,0,0,0,right quicksort(1, 3)
0,490,315,70,105,525,595,245,280,630,350,385,35,455,420,175,140,210,560,0,0,1,0,0,0,0,0,0,0,0,6,0,0,0,0,0,0,
2,490,315,70,105,525,595,245,280,630,350,385,35,455,420,175,140,210,560,0,0,1,0,0,0,0,0,0,0,0,6,0,0,0,0,0,0,
3,490,315,70,105,525,595,245,280,630,350,385,35,455,420,175,140,210,560,0,0,6,6,0,0,0,0,0,0,0,1,0,0,0,2,0,0,
4,490,315,70,105,525,595,245,280,630,350,385,35,455,420,175,140,210,560,0,0,6,6,0,0,0,0,0,0,0,1,0,0,0,2,0,0,
5,490,315,70,105,525,595,245,280,630,350,385,35,455,420,175,140,210,560,0,0,1,6,0,0,0,0,0,0,0,0,0,0,0,2,0,0,beers[1] < pivot
5,490,315,70,105,525,595,245,280,630,350,385,35,455,420,175,140,210,560,0,0,6,1,0,0,0,0,0,0,0,0,0,0,0,2,0,0,beers[2] < pivot
6,490,315,70,105,525,595,245,280,630,350,385,35,455,420,175,140,210,560,0,0,6,6,0,0,0,0,0,0,0,0,0,0,0,1,0,0,beers[3] >= pivot
9,490,315,70,105,525,595,245,280,630,350,385,35,455,420,175,140,210,560,0,0,6,2,0,0,0,0,0,0,0,0,0,0,0,1,0,0,beers[2] <= pivot
10,490,315,70,105,525,595,245,280,630,350,385,35,455,420,175,140,210,560,0,0,6,2,0,0,0,0,0,0,0,0,0,0,0,1,0,0,i >= j
18,490,315,70,105,525,595,245,280,630,350,385,35,455,420,175,140,210,560,0,0,6,2,0,0,0,0,0,0,0,0,0,0,0,1,0,0,swap beers[3] and pivot
19,490,315,70,105,525,595,245,280,630,350,385,35,455,420,175,140,210,560,0,0,6,2,0,0,0,0,0,0,0,0,0,0,0,1,0,0,
20,490,315,70,105,525,595,245,280,630,350,385,35,455,420,175,140,210,560,0,0,6,2,0,0,0,0,0,0,0,0,0,0,1,7,0,0,
23,490,315,70,105,525,595,245,280,630,350,385,35,455,420,175,140,210,560,0,0,6,2,0,0,0,0,0,0,0,0,0,0,1,7,0,0,
26,490,315,70,105,525,595,245,280,630,350,385,35,455,420,175,140,210,560,0,0,6,2,0,0,0,0,0,0,0,0,0,0,1,7,0,0,left quicksort(1, 2)
0,490,315,70,105,525,595,245,280,630,350,385,35,455,420,175,140,210,560,0,0,6,2,0,0,0,0,0,0,0,0,0,0,1,7,0,0,
2,490,315,70,105,525,595,245,280,630,350,385,35,455,420,175,140,210,560,0,0,6,2,0,0,0,0,0,0,0,0,0,0,1,7,0,0,
3,490,315,70,105,525,595,245,280,630,350,385,35,455,420,175,140,210,560,0,0,6,2,0,0,0,0,0,0,0,1,0,0,0,0,0,0,
4,490,315,70,105,525,595,245,280,630,350,385,35,455,420,175,140,210,560,0,0,6,2,0,0,0,0,0,0,0,1,0,0,0,0,0,0,
6,490,315,70,105,525,595,245,280,630,350,385,35,455,420,175,140,210,560,0,0,1,2,0,0,0,0,0,0,0,0,0,0,0,0,0,0,beers[1] >= pivot
9,490,315,70,105,525,595,245,280,630,350,385,35,455,420,175,140,210,560,0,0,1,7,0,0,0,0,0,0,0,0,0,0,0,0,0,0,beers[1] <= pivot
10,490,315,70,105,525,595,245,280,630,350,385,35,455,420,175,140,210,560,0,0,1,7,0,0,0,0,0,0,0,0,0,0,0,0,0,0,i >= j
18,490,315,70,105,525,595,245,280,630,350,385,35,455,420,175,140,210,560,0,0,1,7,0,0,0,0,0,0,0,0,0,0,0,0,0,0,swap beers[1] and pivot
19,490,315,105,70,525,595,245,280,630,350,385,35,455,420,175,140,210,560,0,0,7,1,0,0,0,0,0,0,0,0,0,0,0,0,0,0,
20,490,315,105,70,525,595,245,280,630,350,385,35,455,420,175,140,210,560,0,0,1,6,0,0,0,0,0,0,0,2,0,0,0,0,0,0,
23,490,315,105,70,525,595,245,280,630,350,385,35,455,420,175,140,210,560,0,0,1,6,0,0,0,0,0,0,0,2,0,0,0,0,0,0,
26,490,315,105,70,525,595,245,280,630,350,385,35,455,420,175,140,210,560,0,0,1,6,0,0,0,0,0,0,0,2,0,0,0,0,0,0,left quicksort(1, 0)
0,490,315,105,70,525,595,245,280,630,350,385,35,455,420,175,140,210,560,0,0,1,6,0,0,0,0,0,0,0,2,0,0,0,0,0,0,
1,490,315,105,70,525,595,245,280,630,350,385,35,455,420,175,140,210,560,0,0,1,6,0,0,0,0,0,0,0,2,0,0,0,0,0,0,beers[0]  <= beers[1]; return
27,490,315,105,70,525,595,245,280,630,350,385,35,455,420,175,140,210,560,0,0,1,6,0,0,0,0,0,0,0,2,0,0,0,0,0,0,right quicksort(2, 2)
0,490,315,105,70,525,595,245,280,630,350,385,35,455,420,175,140,210,560,0,0,1,6,0,0,0,0,0,0,0,2,0,0,0,0,0,0,
1,490,315,105,70,525,595,245,280,630,350,385,35,455,420,175,140,210,560,0,0,1,6,0,0,0,0,0,0,0,2,0,0,0,0,0,0,beers[2]  <= beers[2]; return
28,490,315,105,70,525,595,245,280,630,350,385,35,455,420,175,140,210,560,0,0,1,6,0,0,0,0,0,0,0,2,0,0,0,0,0,0,
27,490,315,105,70,525,595,245,280,630,350,385,35,455,420,175,140,210,560,0,0,1,6,0,0,0,0,0,0,0,2,0,0,0,0,0,0,right quicksort(2, 3)
0,490,315,105,70,525,595,245,280,630,350,385,35,455,420,175,140,210,560,0,0,1,6,0,0,0,0,0,0,0,2,0,0,0,0,0,0,
2,490,315,105,70,525,595,245,280,630,350,385,35,455,420,175,140,210,560,0,0,1,6,0,0,0,0,0,0,0,2,0,0,0,0,0,0,
3,490,315,105,70,525,595,245,280,630,350,385,35,455,420,175,140,210,560,0,0,6,1,0,0,0,0,0,0,0,0,0,0,0,2,0,0,
4,490,315,105,70,525,595,245,280,630,350,385,35,455,420,175,140,210,560,0,0,6,1,0,0,0,0,0,0,0,0,0,0,0,2,0,0,
5,490,315,105,70,525,595,245,280,630,350,385,35,455,420,175,140,210,560,0,0,1,0,0,0,0,0,0,0,0,0,0,0,0,2,0,0,beers[2] < pivot
6,490,315,105,70,525,595,245,280,630,350,385,35,455,420,175,140,210,560,0,0,6,0,0,0,0,0,0,0,0,0,0,0,0,1,0,0,beers[3] >= pivot
9,490,315,105,70,525,595,245,280,630,350,385,35,455,420,175,140,210,560,0,0,2,0,0,0,0,0,0,0,0,0,0,0,0,1,0,0,beers[2] <= pivot
10,490,315,105,70,525,595,245,280,630,350,385,35,455,420,175,140,210,560,0,0,2,0,0,0,0,0,0,0,0,0,0,0,0,1,0,0,i >= j
18,490,315,105,70,525,595,245,280,630,350,385,35,455,420,175,140,210,560,0,0,2,0,0,0,0,0,0,0,0,0,0,0,0,1,0,0,swap beers[3] and pivot
19,490,315,105,70,525,595,245,280,630,350,385,35,455,420,175,140,210,560,0,0,2,0,0,0,0,0,0,0,0,0,0,0,0,1,0,0,
20,490,315,105,70,525,595,245,280,630,350,385,35,455,420,175,140,210,560,0,0,2,0,0,0,0,0,0,0,0,0,0,0,1,7,0,0,
23,490,315,105,70,525,595,245,280,630,350,385,35,455,420,175,140,210,560,0,0,2,0,0,0,0,0,0,0,0,0,0,0,1,7,0,0,
26,490,315,105,70,525,595,245,280,630,350,385,35,455,420,175,140,210,560,0,0,2,0,0,0,0,0,0,0,0,0,0,0,1,7,0,0,left quicksort(2, 2)
0,490,315,105,70,525,595,245,280,630,350,385,35,455,420,175,140,210,560,0,0,2,0,0,0,0,0,0,0,0,0,0,0,1,7,0,0,
1,490,315,105,70,525,595,245,280,630,350,385,35,455,420,175,140,210,560,0,0,2,0,0,0,0,0,0,0,0,0,0,0,1,7,0,0,beers[2]  <= beers[2]; return
27,490,315,105,70,525,595,245,280,630,350,385,35,455,420,175,140,210,560,0,0,2,0,0,0,0,0,0,0,0,0,0,0,1,7,0,0,right quicksort(4, 3)
0,490,315,105,70,525,595,245,280,630,350,385,35,455,420,175,140,210,560,0,0,2,0,0,0,0,0,0,0,0,0,0,0,1,7,0,0,
1,490,315,105,70,525,595,245,280,630,350,385,35,455,420,175,140,210,560,0,0,2,0,0,0,0,0,0,0,0,0,0,0,1,7,0,0,beers[3]  <= beers[4]; return
28,490,315,105,70,525,595,245,280,630,350,385,35,455,420,175,140,210,560,0,0,2,0,0,0,0,0,0,0,0,0,0,0,1,7,0,0,
28,490,315,105,70,525,595,245,280,630,350,385,35,455,420,175,140,210,560,0,0,2,0,0,0,0,0,0,0,0,0,0,0,1,7,0,0,
28,490,315,105,70,525,595,245,280,630,350,385,35,455,420,175,140,210,560,0,0,2,0,0,0,0,0,0,0,0,0,0,0,1,7,0,0,
27,490,315,105,70,525,595,245,280,630,350,385,35,455,420,175,140,210,560,0,0,2,0,0,0,0,0,0,0,0,0,0,0,1,7,0,0,right quicksort(4, 14)
0,490,315,105,70,525,595,245,280,630,350,385,35,455,420,175,140,210,560,0,0,2,0,0,0,0,0,0,0,0,0,0,0,1,7,0,0,
2,490,315,105,70,525,595,245,280,630,350,385,35,455,420,175,140,210,560,0,0,2,0,0,0,0,0,0,0,0,0,0,0,1,7,0,0,
3,490,315,105,70,525,595,245,280,630,350,385,35,455,420,175,140,210,560,6,6,0,0,2,0,6,6,0,6,6,0,6,6,6,1,6,0,
4,490,315,105,70,525,595,245,280,630,350,385,35,455,420,175,140,210,560,6,6,0,0,2,0,6,6,0,6,6,0,6,6,6,1,6,0,
5,490,315,105,70,525,595,245,280,630,350,385,35,455,420,175,140,210,560,6,6,0,0,2,0,6,6,0,6,6,0,6,6,1,0,6,0,beers[4] < pivot
6,490,315,105,70,525,595,245,280,630,350,385,35,455,420,175,140,210,560,6,6,0,0,2,0,6,6,0,6,6,0,6,6,6,0,1,0,beers[5] >= pivot
9,490,315,105,70,525,595,245,280,630,350,385,35,455,420,175,140,210,560,2,6,0,0,7,0,6,6,0,6,6,0,6,6,6,0,1,0,beers[13] <= pivot
11,490,315,105,70,525,595,245,280,630,350,385,35,455,420,175,140,210,560,2,6,0,0,7,0,6,6,0,6,6,0,6,6,6,0,1,0,swap beers[5] and beers[13]
12,210,315,105,70,525,595,245,280,630,350,385,35,455,420,175,140,490,560,1,6,0,0,7,0,6,6,0,6,6,0,6,6,6,0,2,0,
15,210,315,105,70,525,595,245,280,630,350,385,35,455,420,175,140,490,560,1,6,0,0,7,0,6,6,0,6,6,0,6,6,6,0,2,0,
4,210,315,105,70,525,595,245,280,630,350,385,35,455,420,175,140,490,560,1,6,0,0,7,0,6,6,0,6,6,0,6,6,6,0,2,0,
6,210,315,105,70,525,595,245,280,630,350,385,35,455,420,175,140,490,560,6,6,0,0,7,0,1,6,0,6,6,0,6,6,6,0,2,0,beers[6] >= pivot
7,210,315,105,70,525,595,245,280,630,350,385,35,455,420,175,140,490,560,6,6,0,0,7,0,1,6,0,6,6,0,2,6,6,0,6,0,beers[12] > pivot
9,210,315,105,70,525,595,245,280,630,350,385,35,455,420,175,140,490,560,6,6,0,0,7,0,1,6,0,6,6,0,6,2,6,0,6,0,beers[11] <= pivot
11,210,315,105,70,525,595,245,280,630,350,385,35,455,420,175,140,490,560,6,6,0,0,7,0,1,6,0,6,6,0,6,2,6,0,6,0,swap beers[6] and beers[11]
12,210,315,105,70,525,595,420,280,630,350,385,35,455,245,175,140,490,560,6,6,0,0,7,0,2,6,0,6,6,0,6,1,6,0,6,0,
15,210,315,105,70,525,595,420,280,630,350,385,35,455,245,175,140,490,560,6,6,0,0,7,0,2,6,0,6,6,0,6,1,6,0,6,0,
4,210,315,105,70,525,595,420,280,630,350,385,35,455,245,175,140,490,560,6,6,0,0,7,0,2,6,0,6,6,0,6,1,6,0,6,0,
5,210,315,105,70,525,595,420,280,630,350,385,35,455,245,175,140,490,560,6,6,0,0,7,0,2,1,0,6,6,0,6,6,6,0,6,0,beers[7] < pivot
6,210,315,105,70,525,595,420,280,630,350,385,35,455,245,175,140,490,560,6,1,0,0,7,0,2,6,0,6,6,0,6,6,6,0,6,0,beers[8] >= pivot
9,210,315,105,70,525,595,420,280,630,350,385,35,455,245,175,140,490,560,6,1,0,0,7,0,6,6,0,6,2,0,6,6,6,0,6,0,beers[10] <= pivot
11,210,315,105,70,525,595,420,280,630,350,385,35,455,245,175,140,490,560,6,1,0,0,7,0,6,6,0,6,2,0,6,6,6,0,6,0,swap beers[8] and beers[10]
12,210,385,105,70,525,595,420,280,630,350,315,35,455,245,175,140,490,560,6,2,0,0,7,0,6,6,0,6,1,0,6,6,6,0,6,0,
15,210,385,105,70,525,595,420,280,630,350,315,35,455,245,175,140,490,560,6,2,0,0,7,0,6,6,0,6,1,0,6,6,6,0,6,0,
4,210,385,105,70,525,595,420,280,630,350,315,35,455,245,175,140,490,560,6,2,0,0,7,0,6,6,0,6,1,0,6,6,6,0,6,0,
6,210,385,105,70,525,595,420,280,630,350,315,35,455,245,175,140,490,560,6,2,0,0,7,0,6,6,0,1,6,0,6,6,6,0,6,0,beers[9] >= pivot
7,210,385,105,70,525,595,420,280,630,350,315,35,455,245,175,140,490,560,6,6,0,0,7,0,6,6,0,1,6,0,6,6,6,0,6,0,beers[9] > pivot
9,210,385,105,70,525,595,420,280,630,350,315,35,455,245,175,140,490,560,6,6,0,0,7,0,6,6,0,1,2,0,6,6,6,0,6,0,beers[8] <= pivot
10,210,385,105,70,525,595,420,280,630,350,315,35,455,245,175,140,490,560,6,6,0,0,7,0,6,6,0,1,2,0,6,6,6,0,6,0,i >= j
18,210,385,105,70,525,595,420,280,630,350,315,35,455,245,175,140,490,560,6,6,0,0,7,0,6,6,0,1,2,0,6,6,6,0,6,0,swap beers[9] and pivot
19,210,385,105,70,350,595,420,280,630,525,315,35,455,245,175,140,490,560,6,6,0,0,1,0,6,6,0,7,2,0,6,6,6,0,6,0,
20,210,385,105,70,350,595,420,280,630,525,315,35,455,245,175,140,490,560,6,1,0,0,6,0,6,6,0,7,2,0,6,6,6,0,6,0,
23,210,385,105,70,350,595,420,280,630,525,315,35,455,245,175,140,490,560,6,1,0,0,6,0,6,6,0,7,2,0,6,6,6,0,6,0,
26,210,385,105,70,350,595,420,280,630,525,315,35,455,245,175,140,490,560,6,1,0,0,6,0,6,6,0,7,2,0,6,6,6,0,6,0,left quicksort(4, 8)
0,210,385,105,70,350,595,420,280,630,525,315,35,455,245,175,140,490,560,6,1,0,0,6,0,6,6,0,7,2,0,6,6,6,0,6,0,
2,210,385,105,70,350,595,420,280,630,525,315,35,455,245,175,140,490,560,6,1,0,0,6,0,6,6,0,7,2,0,6,6,6,0,6,0,
3,210,385,105,70,350,595,420,280,630,525,315,35,455,245,175,140,490,560,6,0,0,0,0,0,0,6,0,0,2,0,0,6,6,1,0,0,
4,210,385,105,70,350,595,420,280,630,525,315,35,455,245,175,140,490,560,6,0,0,0,0,0,0,6,0,0,2,0,0,6,6,1,0,0,
5,210,385,105,70,350,595,420,280,630,525,315,35,455,245,175,140,490,560,6,0,0,0,0,0,0,6,0,0,2,0,0,6,1,0,0,0,beers[4] < pivot
5,210,385,105,70,350,595,420,280,630,525,315,35,455,245,175,140,490,560,1,0,0,0,0,0,0,6,0,0,2,0,0,6,6,0,0,0,beers[5] < pivot
6,210,385,105,70,350,595,420,280,630,525,315,35,455,245,175,140,490,560,6,0,0,0,0,0,0,6,0,0,2,0,0,1,6,0,0,0,beers[6] >= pivot
9,210,385,105,70,350,595,420,280,630,525,315,35,455,245,175,140,490,560,6,0,0,0,0,0,0,2,0,0,7,0,0,1,6,0,0,0,beers[7] <= pivot
11,210,385,105,70,350,595,420,280,630,525,315,35,455,245,175,140,490,560,6,0,0,0,0,0,0,2,0,0,7,0,0,1,6,0,0,0,swap beers[6] and beers[7]
12,210,385,105,70,350,595,420,245,630,525,315,35,455,280,175,140,490,560,6,0,0,0,0,0,0,1,0,0,7,0,0,2,6,0,0,0,
15,210,385,105,70,350,595,420,245,630,525,315,35,455,280,175,140,490,560,6,0,0,0,0,0,0,1,0,0,7,0,0,2,6,0,0,0,
16,210,385,105,70,350,595,420,245,630,525,315,35,455,280,175,140,490,560,6,0,0,0,0,0,0,1,0,0,7,0,0,2,6,0,0,0,beers[7] = pivot; swap beers[7] & beers[7]
17,210,385,105,70,350,595,420,245,630,525,315,35,455,280,175,140,490,560,6,0,0,0,0,0,0,1,0,0,7,0,0,2,6,0,0,0,
4,210,385,105,70,350,595,420,245,630,525,315,35,455,280,175,140,490,560,6,0,0,0,0,0,0,1,0,0,7,0,0,2,6,0,0,0,
6,210,385,105,70,350,595,420,245,630,525,315,35,455,280,175,140,490,560,6,0,0,0,0,0,0,6,0,0,7,0,0,1,6,0,0,0,beers[7] >= pivot
9,210,385,105,70,350,595,420,245,630,525,315,35,455,280,175,140,490,560,6,0,0,0,0,0,0,2,0,0,7,0,0,1,6,0,0,0,beers[6] <= pivot
10,210,385,105,70,350,595,420,245,630,525,315,35,455,280,175,140,490,560,6,0,0,0,0,0,0,2,0,0,7,0,0,1,6,0,0,0,i >= j
18,210,385,105,70,350,595,420,245,630,525,315,35,455,280,175,140,490,560,6,0,0,0,0,0,0,2,0,0,7,0,0,1,6,0,0,0,swap beers[7] and pivot
19,210,385,105,70,350,595,420,245,630,525,280,35,455,315,175,140,490,560,6,0,0,0,0,0,0,2,0,0,1,0,0,7,6,0,0,0,
20,210,385,105,70,350,595,420,245,630,525,280,35,455,315,175,140,490,560,6,0,0,0,0,0,0,2,0,0,6,0,0,1,6,0,0,0,
23,210,385,105,70,350,595,420,245,630,525,280,35,455,315,175,140,490,560,6,0,0,0,0,0,0,2,0,0,6,0,0,1,6,0,0,0,
26,210,385,105,70,350,595,420,245,630,525,280,35,455,315,175,140,490,560,6,0,0,0,0,0,0,2,0,0,6,0,0,1,6,0,0,0,left quicksort(4, 6)
0,210,385,105,70,350,595,420,245,630,525,280,35,455,315,175,140,490,560,6,0,0,0,0,0,0,2,0,0,6,0,0,1,6,0,0,0,
2,210,385,105,70,350,595,420,245,630,525,280,35,455,315,175,140,490,560,6,0,0,0,0,0,0,2,0,0,6,0,0,1,6,0,0,0,
3,210,385,105,70,350,595,420,245,630,525,280,35,455,315,175,140,490,560,6,0,0,0,0,0,0,2,0,0,0,0,0,0,6,1,0,0,
4,210,385,105,70,350,595,420,245,630,525,280,35,455,315,175,140,490,560,6,0,0,0,0,0,0,2,0,0,0,0,0,0,6,1,0,0,
5,210,385,105,70,350,595,420,245,630,525,280,35,455,315,175,140,490,560,6,0,0,0,0,0,0,2,0,0,0,0,0,0,1,0,0,0,beers[4] < pivot
5,210,385,105,70,350,595,420,245,630,525,280,35,455,315,175,140,490,560,1,0,0,0,0,0,0,2,0,0,0,0,0,0,6,0,0,0,beers[5] < pivot
6,210,385,105,70,350,595,420,245,630,525,280,35,455,315,175,140,490,560,6,0,0,0,0,0,0,1,0,0,0,0,0,0,6,0,0,0,beers[6] >= pivot
9,210,385,105,70,350,595,420,245,630,525,280,35,455,315,175,140,490,560,2,0,0,0,0,0,0,1,0,0,0,0,0,0,6,0,0,0,beers[5] <= pivot
10,210,385,105,70,350,595,420,245,630,525,280,35,455,315,175,140,490,560,2,0,0,0,0,0,0,1,0,0,0,0,0,0,6,0,0,0,i >= j
18,210,385,105,70,350,595,420,245,630,525,280,35,455,315,175,140,490,560,2,0,0,0,0,0,0,1,0,0,0,0,0,0,6,0,0,0,swap beers[6] and pivot
19,210,385,105,70,350,595,420,245,630,525,280,35,455,315,175,140,490,560,2,0,0,0,0,0,0,1,0,0,0,0,0,0,6,0,0,0,
20,210,385,105,70,350,595,420,245,630,525,280,35,455,315,175,140,490,560,2,0,0,0,0,0,0,7,0,0,1,0,0,0,6,0,0,0,
23,210,385,105,70,350,595,420,245,630,525,280,35,455,315,175,140,490,560,2,0,0,0,0,0,0,7,0,0,1,0,0,0,6,0,0,0,
26,210,385,105,70,350,595,420,245,630,525,280,35,455,315,175,140,490,560,2,0,0,0,0,0,0,7,0,0,1,0,0,0,6,0,0,0,left quicksort(4, 5)
0,210,385,105,70,350,595,420,245,630,525,280,35,455,315,175,140,490,560,2,0,0,0,0,0,0,7,0,0,1,0,0,0,6,0,0,0,
2,210,385,105,70,350,595,420,245,630,525,280,35,455,315,175,140,490,560,2,0,0,0,0,0,0,7,0,0,1,0,0,0,6,0,0,0,
3,210,385,105,70,350,595,420,245,630,525,280,35,455,315,175,140,490,560,2,0,0,0,0,0,0,0,0,0,0,0,0,0,6,1,0,0,
4,210,385,105,70,350,595,420,245,630,525,280,35,455,315,175,140,490,560,2,0,0,0,0,0,0,0,0,0,0,0,0,0,6,1,0,0,
6,210,385,105,70,350,595,420,245,630,525,280,35,455,315,175,140,490,560,2,0,0,0,0,0,0,0,0,0,0,0,0,0,1,0,0,0,beers[4] >= pivot
9,210,385,105,70,350,595,420,245,630,525,280,35,455,315,175,140,490,560,7,0,0,0,0,0,0,0,0,0,0,0,0,0,1,0,0,0,beers[4] <= pivot
10,210,385,105,70,350,595,420,245,630,525,280,35,455,315,175,140,490,560,7,0,0,0,0,0,0,0,0,0,0,0,0,0,1,0,0,0,i >= j
18,210,385,105,70,350,595,420,245,630,525,280,35,455,315,175,140,490,560,7,0,0,0,0,0,0,0,0,0,0,0,0,0,1,0,0,0,swap beers[4] and pivot
19,175,385,105,70,350,595,420,245,630,525,280,35,455,315,210,140,490,560,1,0,0,0,0,0,0,0,0,0,0,0,0,0,7,0,0,0,
20,175,385,105,70,350,595,420,245,630,525,280,35,455,315,210,140,490,560,6,0,0,0,0,0,0,0,0,0,0,0,0,0,1,2,0,0,
23,175,385,105,70,350,595,420,245,630,525,280,35,455,315,210,140,490,560,6,0,0,0,0,0,0,0,0,0,0,0,0,0,1,2,0,0,
26,175,385,105,70,350,595,420,245,630,525,280,35,455,315,210,140,490,560,6,0,0,0,0,0,0,0,0,0,0,0,0,0,1,2,0,0,left quicksort(4, 3)
0,175,385,105,70,350,595,420,245,630,525,280,35,455,315,210,140,490,560,6,0,0,0,0,0,0,0,0,0,0,0,0,0,1,2,0,0,
1,175,385,105,70,350,595,420,245,630,525,280,35,455,315,210,140,490,560,6,0,0,0,0,0,0,0,0,0,0,0,0,0,1,2,0,0,beers[3]  <= beers[4]; return
27,175,385,105,70,350,595,420,245,630,525,280,35,455,315,210,140,490,560,6,0,0,0,0,0,0,0,0,0,0,0,0,0,1,2,0,0,right quicksort(5, 5)
0,175,385,105,70,350,595,420,245,630,525,280,35,455,315,210,140,490,560,6,0,0,0,0,0,0,0,0,0,0,0,0,0,1,2,0,0,
1,175,385,105,70,350,595,420,245,630,525,280,35,455,315,210,140,490,560,6,0,0,0,0,0,0,0,0,0,0,0,0,0,1,2,0,0,beers[5]  <= beers[5]; return
28,175,385,105,70,350,595,420,245,630,525,280,35,455,315,210,140,490,560,6,0,0,0,0,0,0,0,0,0,0,0,0,0,1,2,0,0,
27,175,385,105,70,350,595,420,245,630,525,280,35,455,315,210,140,490,560,6,0,0,0,0,0,0,0,0,0,0,0,0,0,1,2,0,0,right quicksort(5, 6)
0,175,385,105,70,350,595,420,245,630,525,280,35,455,315,210,140,490,560,6,0,0,0,0,0,0,0,0,0,0,0,0,0,1,2,0,0,
2,175,385,105,70,350,595,420,245,630,525,280,35,455,315,210,140,490,560,6,0,0,0,0,0,0,0,0,0,0,0,0,0,1,2,0,0,
3,175,385,105,70,350,595,420,245,630,525,280,35,455,315,210,140,490,560,1,0,0,0,0,0,0,2,0,0,0,0,0,0,6,0,0,0,
4,175,385,105,70,350,595,420,245,630,525,280,35,455,315,210,140,490,560,1,0,0,0,0,0,0,2,0,0,0,0,0,0,6,0,0,0,
5,175,385,105,70,350,595,420,245,630,525,280,35,455,315,210,140,490,560,0,0,0,0,0,0,0,2,0,0,0,0,0,0,1,0,0,0,beers[5] < pivot
6,175,385,105,70,350,595,420,245,630,525,280,35,455,315,210,140,490,560,0,0,0,0,0,0,0,1,0,0,0,0,0,0,6,0,0,0,beers[6] >= pivot
9,175,385,105,70,350,595,420,245,630,525,280,35,455,315,210,140,490,560,0,0,0,0,0,0,0,1,0,0,0,0,0,0,2,0,0,0,beers[5] <= pivot
10,175,385,105,70,350,595,420,245,630,525,280,35,455,315,210,140,490,560,0,0,0,0,0,0,0,1,0,0,0,0,0,0,2,0,0,0,i >= j
18,175,385,105,70,350,595,420,245,630,525,280,35,455,315,210,140,490,560,0,0,0,0,0,0,0,1,0,0,0,0,0,0,2,0,0,0,swap beers[6] and pivot
19,175,385,105,70,350,595,420,245,630,525,280,35,455,315,210,140,490,560,0,0,0,0,0,0,0,1,0,0,0,0,0,0,2,0,0,0,
20,175,385,105,70,350,595,420,245,630,525,280,35,455,315,210,140,490,560,0,0,0,0,0,0,0,7,0,0,1,0,0,0,2,0,0,0,
23,175,385,105,70,350,595,420,245,630,525,280,35,455,315,210,140,490,560,0,0,0,0,0,0,0,7,0,0,1,0,0,0,2,0,0,0,
26,175,385,105,70,350,595,420,245,630,525,280,35,455,315,210,140,490,560,0,0,0,0,0,0,0,7,0,0,1,0,0,0,2,0,0,0,left quicksort(5, 5)
0,175,385,105,70,350,595,420,245,630,525,280,35,455,315,210,140,490,560,0,0,0,0,0,0,0,7,0,0,1,0,0,0,2,0,0,0,
1,175,385,105,70,350,595,420,245,630,525,280,35,455,315,210,140,490,560,0,0,0,0,0,0,0,7,0,0,1,0,0,0,2,0,0,0,beers[5]  <= beers[5]; return
27,175,385,105,70,350,595,420,245,630,525,280,35,455,315,210,140,490,560,0,0,0,0,0,0,0,7,0,0,1,0,0,0,2,0,0,0,right quicksort(7, 6)
0,175,385,105,70,350,595,420,245,630,525,280,35,455,315,210,140,490,560,0,0,0,0,0,0,0,7,0,0,1,0,0,0,2,0,0,0,
1,175,385,105,70,350,595,420,245,630,525,280,35,455,315,210,140,490,560,0,0,0,0,0,0,0,7,0,0,1,0,0,0,2,0,0,0,beers[6]  <= beers[7]; return
28,175,385,105,70,350,595,420,245,630,525,280,35,455,315,210,140,490,560,0,0,0,0,0,0,0,7,0,0,1,0,0,0,2,0,0,0,
28,175,385,105,70,350,595,420,245,630,525,280,35,455,315,210,140,490,560,0,0,0,0,0,0,0,7,0,0,1,0,0,0,2,0,0,0,
27,175,385,105,70,350,595,420,245,630,525,280,35,455,315,210,140,490,560,0,0,0,0,0,0,0,7,0,0,1,0,0,0,2,0,0,0,right quicksort(7, 8)
0,175,385,105,70,350,595,420,245,630,525,280,35,455,315,210,140,490,560,0,0,0,0,0,0,0,7,0,0,1,0,0,0,2,0,0,0,
2,175,385,105,70,350,595,420,245,630,525,280,35,455,315,210,140,490,560,0,0,0,0,0,0,0,7,0,0,1,0,0,0,2,0,0,0,
3,175,385,105,70,350,595,420,245,630,525,280,35,455,315,210,140,490,560,0,0,0,0,0,0,0,1,0,0,6,0,0,2,0,0,0,0,
4,175,385,105,70,350,595,420,245,630,525,280,35,455,315,210,140,490,560,0,0,0,0,0,0,0,1,0,0,6,0,0,2,0,0,0,0,
6,175,385,105,70,350,595,420,245,630,525,280,35,455,315,210,140,490,560,0,0,0,0,0,0,0,0,0,0,1,0,0,2,0,0,0,0,beers[7] >= pivot
9,175,385,105,70,350,595,420,245,630,525,280,35,455,315,210,140,490,560,0,0,0,0,0,0,0,0,0,0,1,0,0,7,0,0,0,0,beers[7] <= pivot
10,175,385,105,70,350,595,420,245,630,525,280,35,455,315,210,140,490,560,0,0,0,0,0,0,0,0,0,0,1,0,0,7,0,0,0,0,i >= j
18,175,385,105,70,350,595,420,245,630,525,280,35,455,315,210,140,490,560,0,0,0,0,0,0,0,0,0,0,1,0,0,7,0,0,0,0,swap beers[7] and pivot
19,175,385,105,70,350,595,420,245,630,525,315,35,455,280,210,140,490,560,0,0,0,0,0,0,0,0,0,0,7,0,0,1,0,0,0,0,
20,175,385,105,70,350,595,420,245,630,525,315,35,455,280,210,140,490,560,0,0,0,0,0,0,0,2,0,0,1,0,0,6,0,0,0,0,
23,175,385,105,70,350,595,420,245,630,525,315,35,455,280,210,140,490,560,0,0,0,0,0,0,0,2,0,0,1,0,0,6,0,0,0,0,
26,175,385,105,70,350,595,420,245,630,525,315,35,455,280,210,140,490,560,0,0,0,0,0,0,0,2,0,0,1,0,0,6,0,0,0,0,left quicksort(7, 6)
0,175,385,105,70,350,595,420,245,630,525,315,35,455,280,210,140,490,560,0,0,0,0,0,0,0,2,0,0,1,0,0,6,0,0,0,0,
1,175,385,105,70,350,595,420,245,630,525,315,35,455,280,210,140,490,560,0,0,0,0,0,0,0,2,0,0,1,0,0,6,0,0,0,0,beers[6]  <= beers[7]; return
27,175,385,105,70,350,595,420,245,630,525,315,35,455,280,210,140,490,560,0,0,0,0,0,0,0,2,0,0,1,0,0,6,0,0,0,0,right quicksort(8, 8)
0,175,385,105,70,350,595,420,245,630,525,315,35,455,280,210,140,490,560,0,0,0,0,0,0,0,2,0,0,1,0,0,6,0,0,0,0,
1,175,385,105,70,350,595,420,245,630,525,315,35,455,280,210,140,490,560,0,0,0,0,0,0,0,2,0,0,1,0,0,6,0,0,0,0,beers[8]  <= beers[8]; return
28,175,385,105,70,350,595,420,245,630,525,315,35,455,280,210,140,490,560,0,0,0,0,0,0,0,2,0,0,1,0,0,6,0,0,0,0,
28,175,385,105,70,350,595,420,245,630,525,315,35,455,280,210,140,490,560,0,0,0,0,0,0,0,2,0,0,1,0,0,6,0,0,0,0,
27,175,385,105,70,350,595,420,245,630,525,315,35,455,280,210,140,490,560,0,0,0,0,0,0,0,2,0,0,1,0,0,6,0,0,0,0,right quicksort(8, 14)
0,175,385,105,70,350,595,420,245,630,525,315,35,455,280,210,140,490,560,0,0,0,0,0,0,0,2,0,0,1,0,0,6,0,0,0,0,
2,175,385,105,70,350,595,420,245,630,525,315,35,455,280,210,140,490,560,0,0,0,0,0,0,0,2,0,0,1,0,0,6,0,0,0,0,
3,175,385,105,70,350,595,420,245,630,525,315,35,455,280,210,140,490,560,0,6,0,0,6,0,6,0,0,2,6,0,6,1,0,0,6,0,
4,175,385,105,70,350,595,420,245,630,525,315,35,455,280,210,140,490,560,0,6,0,0,6,0,6,0,0,2,6,0,6,1,0,0,6,0,
5,175,385,105,70,350,595,420,245,630,525,315,35,455,280,210,140,490,560,0,6,0,0,6,0,6,0,0,2,1,0,6,0,0,0,6,0,beers[8] < pivot
5,175,385,105,70,350,595,420,245,630,525,315,35,455,280,210,140,490,560,0,6,0,0,1,0,6,0,0,2,6,0,6,0,0,0,6,0,beers[9] < pivot
6,175,385,105,70,350,595,420,245,630,525,315,35,455,280,210,140,490,560,0,1,0,0,6,0,6,0,0,2,6,0,6,0,0,0,6,0,beers[10] >= pivot
9,175,385,105,70,350,595,420,245,630,525,315,35,455,280,210,140,490,560,0,1,0,0,6,0,6,0,0,7,6,0,6,0,0,0,2,0,beers[13] <= pivot
11,175,385,105,70,350,595,420,245,630,525,315,35,455,280,210,140,490,560,0,1,0,0,6,0,6,0,0,7,6,0,6,0,0,0,2,0,swap beers[10] and beers[13]
12,175,490,105,70,350,595,420,245,630,525,315,35,455,280,210,140,385,560,0,2,0,0,6,0,6,0,0,7,6,0,6,0,0,0,1,0,
13,175,490,105,70,350,595,420,245,630,525,315,35,455,280,210,140,385,560,0,2,0,0,6,0,6,0,0,7,0,0,6,0,0,0,1,0,beers[10] = pivot; swap beers[10] & beers[8]
14,175,490,105,70,350,595,420,245,630,525,385,35,455,280,210,140,315,560,0,2,0,0,6,0,6,0,0,7,1,0,6,0,0,0,0,0,
15,175,490,105,70,350,595,420,245,630,525,385,35,455,280,210,140,315,560,0,2,0,0,6,0,6,0,0,7,1,0,6,0,0,0,0,0,
4,175,490,105,70,350,595,420,245,630,525,385,35,455,280,210,140,315,560,0,2,0,0,6,0,6,0,0,7,1,0,6,0,0,0,0,0,
6,175,490,105,70,350,595,420,245,630,525,385,35,455,280,210,140,315,560,0,2,0,0,6,0,1,0,0,7,6,0,6,0,0,0,0,0,beers[11] >= pivot
7,175,490,105,70,350,595,420,245,630,525,385,35,455,280,210,140,315,560,0,6,0,0,6,0,1,0,0,7,6,0,2,0,0,0,0,0,beers[12] > pivot
7,175,490,105,70,350,595,420,245,630,525,385,35,455,280,210,140,315,560,0,6,0,0,6,0,1,0,0,7,6,0,6,0,0,0,0,0,beers[11] > pivot
9,175,490,105,70,350,595,420,245,630,525,385,35,455,280,210,140,315,560,0,6,0,0,6,0,1,0,0,7,2,0,6,0,0,0,0,0,beers[10] <= pivot
10,175,490,105,70,350,595,420,245,630,525,385,35,455,280,210,140,315,560,0,6,0,0,6,0,1,0,0,7,2,0,6,0,0,0,0,0,i >= j
18,175,490,105,70,350,595,420,245,630,525,385,35,455,280,210,140,315,560,0,6,0,0,6,0,1,0,0,7,2,0,6,0,0,0,0,0,swap beers[11] and pivot
19,175,490,105,70,350,595,525,245,630,420,385,35,455,280,210,140,315,560,0,6,0,0,6,0,7,0,0,1,2,0,6,0,0,0,0,0,
20,175,490,105,70,350,595,525,245,630,420,385,35,455,280,210,140,315,560,0,6,0,0,6,0,7,0,0,6,2,0,1,0,0,0,0,0,
23,175,490,105,70,350,595,525,245,630,420,385,35,455,280,210,140,315,560,0,6,0,0,6,0,7,0,0,6,2,0,1,0,0,0,0,0,
26,175,490,105,70,350,595,525,245,630,420,385,35,455,280,210,140,315,560,0,6,0,0,6,0,7,0,0,6,2,0,1,0,0,0,0,0,left quicksort(8, 10)
0,175,490,105,70,350,595,525,245,630,420,385,35,455,280,210,140,315,560,0,6,0,0,6,0,7,0,0,6,2,0,1,0,0,0,0,0,
2,175,490,105,70,350,595,525,245,630,420,385,35,455,280,210,140,315,560,0,6,0,0,6,0,7,0,0,6,2,0,1,0,0,0,0,0,
3,175,490,105,70,350,595,525,245,630,420,385,35,455,280,210,140,315,560,0,0,0,0,6,0,0,0,0,0,2,0,0,1,0,0,6,0,
4,175,490,105,70,350,595,525,245,630,420,385,35,455,280,210,140,315,560,0,0,0,0,6,0,0,0,0,0,2,0,0,1,0,0,6,0,
6,175,490,105,70,350,595,525,245,630,420,385,35,455,280,210,140,315,560,0,0,0,0,6,0,0,0,0,0,2,0,0,0,0,0,1,0,beers[8] >= pivot
7,175,490,105,70,350,595,525,245,630,420,385,35,455,280,210,140,315,560,0,0,0,0,2,0,0,0,0,0,7,0,0,0,0,0,1,0,beers[9] > pivot
7,175,490,105,70,350,595,525,245,630,420,385,35,455,280,210,140,315,560,0,0,0,0,6,0,0,0,0,0,7,0,0,0,0,0,1,0,beers[8] > pivot
8,175,490,105,70,350,595,525,245,630,420,385,35,455,280,210,140,315,560,0,0,0,0,6,0,0,0,0,0,7,0,0,0,0,0,1,0,j == left
9,175,490,105,70,350,595,525,245,630,420,385,35,455,280,210,140,315,560,0,0,0,0,6,0,0,0,0,0,7,0,0,0,0,0,1,0,beers[8] <= pivot
10,175,490,105,70,350,595,525,245,630,420,385,35,455,280,210,140,315,560,0,0,0,0,6,0,0,0,0,0,7,0,0,0,0,0,1,0,i >= j
18,175,490,105,70,350,595,525,245,630,420,385,35,455,280,210,140,315,560,0,0,0,0,6,0,0,0,0,0,7,0,0,0,0,0,1,0,swap beers[8] and pivot
19,175,490,105,70,350,595,525,245,630,420,315,35,455,280,210,140,385,560,0,0,0,0,6,0,0,0,0,0,1,0,0,0,0,0,7,0,
20,175,490,105,70,350,595,525,245,630,420,315,35,455,280,210,140,385,560,0,0,0,0,1,0,0,0,0,0,6,0,0,2,0,0,7,0,
23,175,490,105,70,350,595,525,245,630,420,315,35,455,280,210,140,385,560,0,0,0,0,1,0,0,0,0,0,6,0,0,2,0,0,7,0,
26,175,490,105,70,350,595,525,245,630,420,315,35,455,280,210,140,385,560,0,0,0,0,1,0,0,0,0,0,6,0,0,2,0,0,7,0,left quicksort(8, 7)
0,175,490,105,70,350,595,525,245,630,420,315,35,455,280,210,140,385,560,0,0,0,0,1,0,0,0,0,0,6,0,0,2,0,0,7,0,
1,175,490,105,70,350,595,525,245,630,420,315,35,455,280,210,140,385,560,0,0,0,0,1,0,0,0,0,0,6,0,0,2,0,0,7,0,beers[7]  <= beers[8]; return
27,175,490,105,70,350,595,525,245,630,420,315,35,455,280,210,140,385,560,0,0,0,0,1,0,0,0,0,0,6,0,0,2,0,0,7,0,right quicksort(9, 10)
0,175,490,105,70,350,595,525,245,630,420,315,35,455,280,210,140,385,560,0,0,0,0,1,0,0,0,0,0,6,0,0,2,0,0,7,0,
2,175,490,105,70,350,595,525,245,630,420,315,35,455,280,210,140,385,560,0,0,0,0,1,0,0,0,0,0,6,0,0,2,0,0,7,0,
3,175,490,105,70,350,595,525,245,630,420,315,35,455,280,210,140,385,560,0,0,0,0,6,0,0,0,0,0,1,0,0,0,0,0,2,0,
4,175,490,105,70,350,595,525,245,630,420,315,35,455,280,210,140,385,560,0,0,0,0,6,0,0,0,0,0,1,0,0,0,0,0,2,0,
5,175,490,105,70,350,595,525,245,630,420,315,35,455,280,210,140,385,560,0,0,0,0,1,0,0,0,0,0,0,0,0,0,0,0,2,0,beers[9] < pivot
6,175,490,105,70,350,595,525,245,630,420,315,35,455,280,210,140,385,560,0,0,0,0,6,0,0,0,0,0,0,0,0,0,0,0,1,0,beers[10] >= pivot
9,175,490,105,70,350,595,525,245,630,420,315,35,455,280,210,140,385,560,0,0,0,0,2,0,0,0,0,0,0,0,0,0,0,0,1,0,beers[9] <= pivot
10,175,490,105,70,350,595,525,245,630,420,315,35,455,280,210,140,385,560,0,0,0,0,2,0,0,0,0,0,0,0,0,0,0,0,1,0,i >= j
18,175,490,105,70,350,595,525,245,630,420,315,35,455,280,210,140,385,560,0,0,0,0,2,0,0,0,0,0,0,0,0,0,0,0,1,0,swap beers[10] and pivot
19,175,490,105,70,350,595,525,245,630,420,315,35,455,280,210,140,385,560,0,0,0,0,2,0,0,0,0,0,0,0,0,0,0,0,1,0,
20,175,490,105,70,350,595,525,245,630,420,315,35,455,280,210,140,385,560,0,0,0,0,2,0,0,0,0,1,0,0,0,0,0,0,7,0,
23,175,490,105,70,350,595,525,245,630,420,315,35,455,280,210,140,385,560,0,0,0,0,2,0,0,0,0,1,0,0,0,0,0,0,7,0,
26,175,490,105,70,350,595,525,245,630,420,315,35,455,280,210,140,385,560,0,0,0,0,2,0,0,0,0,1,0,0,0,0,0,0,7,0,left quicksort(9, 9)
0,175,490,105,70,350,595,525,245,630,420,315,35,455,280,210,140,385,560,0,0,0,0,2,0,0,0,0,1,0,0,0,0,0,0,7,0,
1,175,490,105,70,350,595,525,245,630,420,315,35,455,280,210,140,385,560,0,0,0,0,2,0,0,0,0,1,0,0,0,0,0,0,7,0,beers[9]  <= beers[9]; return
27,175,490,105,70,350,595,525,245,630,420,315,35,455,280,210,140,385,560,0,0,0,0,2,0,0,0,0,1,0,0,0,0,0,0,7,0,right quicksort(11, 10)
0,175,490,105,70,350,595,525,245,630,420,315,35,455,280,210,140,385,560,0,0,0,0,2,0,0,0,0,1,0,0,0,0,0,0,7,0,
1,175,490,105,70,350,595,525,245,630,420,315,35,455,280,210,140,385,560,0,0,0,0,2,0,0,0,0,1,0,0,0,0,0,0,7,0,beers[10]  <= beers[11]; return
28,175,490,105,70,350,595,525,245,630,420,315,35,455,280,210,140,385,560,0,0,0,0,2,0,0,0,0,1,0,0,0,0,0,0,7,0,
28,175,490,105,70,350,595,525,245,630,420,315,35,455,280,210,140,385,560,0,0,0,0,2,0,0,0,0,1,0,0,0,0,0,0,7,0,
27,175,490,105,70,350,595,525,245,630,420,315,35,455,280,210,140,385,560,0,0,0,0,2,0,0,0,0,1,0,0,0,0,0,0,7,0,right quicksort(11, 14)
0,175,490,105,70,350,595,525,245,630,420,315,35,455,280,210,140,385,560,0,0,0,0,2,0,0,0,0,1,0,0,0,0,0,0,7,0,
2,175,490,105,70,350,595,525,245,630,420,315,35,455,280,210,140,385,560,0,0,0,0,2,0,0,0,0,1,0,0,0,0,0,0,7,0,
3,175,490,105,70,350,595,525,245,630,420,315,35,455,280,210,140,385,560,0,6,0,0,0,0,2,0,0,6,0,0,6,0,0,0,1,0,
4,175,490,105,70,350,595,525,245,630,420,315,35,455,280,210,140,385,560,0,6,0,0,0,0,2,0,0,6,0,0,6,0,0,0,1,0,
5,175,490,105,70,350,595,525,245,630,420,315,35,455,280,210,140,385,560,0,6,0,0,0,0,2,0,0,1,0,0,6,0,0,0,0,0,beers[11] < pivot
6,175,490,105,70,350,595,525,245,630,420,315,35,455,280,210,140,385,560,0,6,0,0,0,0,2,0,0,6,0,0,1,0,0,0,0,0,beers[12] >= pivot
7,175,490,105,70,350,595,525,245,630,420,315,35,455,280,210,140,385,560,0,2,0,0,0,0,7,0,0,6,0,0,1,0,0,0,0,0,beers[13] > pivot
7,175,490,105,70,350,595,525,245,630,420,315,35,455,280,210,140,385,560,0,6,0,0,0,0,7,0,0,6,0,0,1,0,0,0,0,0,beers[12] > pivot
9,175,490,105,70,350,595,525,245,630,420,315,35,455,280,210,140,385,560,0,6,0,0,0,0,7,0,0,2,0,0,1,0,0,0,0,0,beers[11] <= pivot
10,175,490,105,70,350,595,525,245,630,420,315,35,455,280,210,140,385,560,0,6,0,0,0,0,7,0,0,2,0,0,1,0,0,0,0,0,i >= j
18,175,490,105,70,350,595,525,245,630,420,315,35,455,280,210,140,385,560,0,6,0,0,0,0,7,0,0,2,0,0,1,0,0,0,0,0,swap beers[12] and pivot
19,175,490,105,70,350,595,455,245,630,420,315,35,525,280,210,140,385,560,0,6,0,0,0,0,1,0,0,2,0,0,7,0,0,0,0,0,
20,175,490,105,70,350,595,455,245,630,420,315,35,525,280,210,140,385,560,0,1,0,0,0,0,6,0,0,2,0,0,7,0,0,0,0,0,
23,175,490,105,70,350,595,455,245,630,420,315,35,525,280,210,140,385,560,0,1,0,0,0,0,6,0,0,2,0,0,7,0,0,0,0,0,
26,175,490,105,70,350,595,455,245,630,420,315,35,525,280,210,140,385,560,0,1,0,0,0,0,6,0,0,2,0,0,7,0,0,0,0,0,left quicksort(11, 11)
0,175,490,105,70,350,595,455,245,630,420,315,35,525,280,210,140,385,560,0,1,0,0,0,0,6,0,0,2,0,0,7,0,0,0,0,0,
1,175,490,105,70,350,595,455,245,630,420,315,35,525,280,210,140,385,560,0,1,0,0,0,0,6,0,0,2,0,0,7,0,0,0,0,0,beers[11]  <= beers[11]; return
27,175,490,105,70,350,595,455,245,630,420,315,35,525,280,210,140,385,560,0,1,0,0,0,0,6,0,0,2,0,0,7,0,0,0,0,0,right quicksort(13, 14)
0,175,490,105,70,350,595,455,245,630,420,315,35,525,280,210,140,385,560,0,1,0,0,0,0,6,0,0,2,0,0,7,0,0,0,0,0,
2,175,490,105,70,350,595,455,245,630,420,315,35,525,280,210,140,385,560,0,1,0,0,0,0,6,0,0,2,0,0,7,0,0,0,0,0,
3,175,490,105,70,350,595,455,245,630,420,315,35,525,280,210,140,385,560,0,6,0,0,0,0,1,0,0,0,0,0,2,0,0,0,0,0,
4,175,490,105,70,350,595,455,245,630,420,315,35,525,280,210,140,385,560,0,6,0,0,0,0,1,0,0,0,0,0,2,0,0,0,0,0,
6,175,490,105,70,350,595,455,245,630,420,315,35,525,280,210,140,385,560,0,1,0,0,0,0,0,0,0,0,0,0,2,0,0,0,0,0,beers[13] >= pivot
9,175,490,105,70,350,595,455,245,630,420,315,35,525,280,210,140,385,560,0,1,0,0,0,0,0,0,0,0,0,0,7,0,0,0,0,0,beers[13] <= pivot
10,175,490,105,70,350,595,455,245,630,420,315,35,525,280,210,140,385,560,0,1,0,0,0,0,0,0,0,0,0,0,7,0,0,0,0,0,i >= j
18,175,490,105,70,350,595,455,245,630,420,315,35,525,280,210,140,385,560,0,1,0,0,0,0,0,0,0,0,0,0,7,0,0,0,0,0,swap beers[13] and pivot
19,175,525,105,70,350,595,455,245,630,420,315,35,490,280,210,140,385,560,0,7,0,0,0,0,0,0,0,0,0,0,1,0,0,0,0,0,
20,175,525,105,70,350,595,455,245,630,420,315,35,490,280,210,140,385,560,0,1,0,0,0,0,2,0,0,0,0,0,6,0,0,0,0,0,
23,175,525,105,70,350,595,455,245,630,420,315,35,490,280,210,140,385,560,0,1,0,0,0,0,2,0,0,0,0,0,6,0,0,0,0,0,
26,175,525,105,70,350,595,455,245,630,420,315,35,490,280,210,140,385,560,0,1,0,0,0,0,2,0,0,0,0,0,6,0,0,0,0,0,left quicksort(13, 12)
0,175,525,105,70,350,595,455,245,630,420,315,35,490,280,210,140,385,560,0,1,0,0,0,0,2,0,0,0,0,0,6,0,0,0,0,0,
1,175,525,105,70,350,595,455,245,630,420,315,35,490,280,210,140,385,560,0,1,0,0,0,0,2,0,0,0,0,0,6,0,0,0,0,0,beers[12]  <= beers[13]; return
27,175,525,105,70,350,595,455,245,630,420,315,35,490,280,210,140,385,560,0,1,0,0,0,0,2,0,0,0,0,0,6,0,0,0,0,0,right quicksort(14, 14)
0,175,525,105,70,350,595,455,245,630,420,315,35,490,280,210,140,385,560,0,1,0,0,0,0,2,0,0,0,0,0,6,0,0,0,0,0,
1,175,525,105,70,350,595,455,245,630,420,315,35,490,280,210,140,385,560,0,1,0,0,0,0,2,0,0,0,0,0,6,0,0,0,0,0,beers[14]  <= beers[14]; return
28,175,525,105,70,350,595,455,245,630,420,315,35,490,280,210,140,385,560,0,1,0,0,0,0,2,0,0,0,0,0,6,0,0,0,0,0,
28,175,525,105,70,350,595,455,245,630,420,315,35,490,280,210,140,385,560,0,1,0,0,0,0,2,0,0,0,0,0,6,0,0,0,0,0,
28,175,525,105,70,350,595,455,245,630,420,315,35,490,280,210,140,385,560,0,1,0,0,0,0,2,0,0,0,0,0,6,0,0,0,0,0,
28,175,525,105,70,350,595,455,245,630,420,315,35,490,280,210,140,385,560,0,1,0,0,0,0,2,0,0,0,0,0,6,0,0,0,0,0,
28,175,525,105,70,350,595,455,245,630,420,315,35,490,280,210,140,385,560,0,1,0,0,0,0,2,0,0,0,0,0,6,0,0,0,0,0,
27,175,525,105,70,350,595,455,245,630,420,315,35,490,280,210,140,385,560,0,1,0,0,0,0,2,0,0,0,0,0,6,0,0,0,0,0,right quicksort(14, 17)
0,175,525,105,70,350,595,455,245,630,420,315,35,490,280,210,140,385,560,0,1,0,0,0,0,2,0,0,0,0,0,6,0,0,0,0,0,
2,175,525,105,70,350,595,455,245,630,420,315,35,490,280,210,140,385,560,0,1,0,0,0,0,2,0,0,0,0,0,6,0,0,0,0,0,
3,175,525,105,70,350,595,455,245,630,420,315,35,490,280,210,140,385,560,0,6,0,0,0,6,0,0,2,0,0,0,1,0,0,0,0,6,
4,175,525,105,70,350,595,455,245,630,420,315,35,490,280,210,140,385,560,0,6,0,0,0,6,0,0,2,0,0,0,1,0,0,0,0,6,
5,175,525,105,70,350,595,455,245,630,420,315,35,490,280,210,140,385,560,0,1,0,0,0,6,0,0,2,0,0,0,0,0,0,0,0,6,beers[14] < pivot
5,175,525,105,70,350,595,455,245,630,420,315,35,490,280,210,140,385,560,0,6,0,0,0,6,0,0,2,0,0,0,0,0,0,0,0,1,beers[15] < pivot
6,175,525,105,70,350,595,455,245,630,420,315,35,490,280,210,140,385,560,0,6,0,0,0,1,0,0,2,0,0,0,0,0,0,0,0,6,beers[16] >= pivot
7,175,525,105,70,350,595,455,245,630,420,315,35,490,280,210,140,385,560,0,6,0,0,0,1,0,0,7,0,0,0,0,0,0,0,0,6,beers[16] > pivot
9,175,525,105,70,350,595,455,245,630,420,315,35,490,280,210,140,385,560,0,6,0,0,0,1,0,0,7,0,0,0,0,0,0,0,0,2,beers[15] <= pivot
10,175,525,105,70,350,595,455,245,630,420,315,35,490,280,210,140,385,560,0,6,0,0,0,1,0,0,7,0,0,0,0,0,0,0,0,2,i >= j
18,175,525,105,70,350,595,455,245,630,420,315,35,490,280,210,140,385,560,0,6,0,0,0,1,0,0,7,0,0,0,0,0,0,0,0,2,swap beers[16] and pivot
19,175,525,105,70,350,630,455,245,595,420,315,35,490,280,210,140,385,560,0,6,0,0,0,7,0,0,1,0,0,0,0,0,0,0,0,2,
20,175,525,105,70,350,630,455,245,595,420,315,35,490,280,210,140,385,560,0,6,0,0,0,1,0,0,6,0,0,0,0,0,0,0,0,2,
23,175,525,105,70,350,630,455,245,595,420,315,35,490,280,210,140,385,560,0,6,0,0,0,1,0,0,6,0,0,0,0,0,0,0,0,2,
26,175,525,105,70,350,630,455,245,595,420,315,35,490,280,210,140,385,560,0,6,0,0,0,1,0,0,6,0,0,0,0,0,0,0,0,2,left quicksort(14, 15)
0,175,525,105,70,350,630,455,245,595,420,315,35,490,280,210,140,385,560,0,6,0,0,0,1,0,0,6,0,0,0,0,0,0,0,0,2,
2,175,525,105,70,350,630,455,245,595,420,315,35,490,280,210,140,385,560,0,6,0,0,0,1,0,0,6,0,0,0,0,0,0,0,0,2,
3,175,525,105,70,350,630,455,245,595,420,315,35,490,280,210,140,385,560,0,6,0,0,0,0,0,0,0,0,0,0,1,0,0,0,0,2,
4,175,525,105,70,350,630,455,245,595,420,315,35,490,280,210,140,385,560,0,6,0,0,0,0,0,0,0,0,0,0,1,0,0,0,0,2,
5,175,525,105,70,350,630,455,245,595,420,315,35,490,280,210,140,385,560,0,1,0,0,0,0,0,0,0,0,0,0,0,0,0,0,0,2,beers[14] < pivot
6,175,525,105,70,350,630,455,245,595,420,315,35,490,280,210,140,385,560,0,6,0,0,0,0,0,0,0,0,0,0,0,0,0,0,0,1,beers[15] >= pivot
9,175,525,105,70,350,630,455,245,595,420,315,35,490,280,210,140,385,560,0,2,0,0,0,0,0,0,0,0,0,0,0,0,0,0,0,1,beers[14] <= pivot
10,175,525,105,70,350,630,455,245,595,420,315,35,490,280,210,140,385,560,0,2,0,0,0,0,0,0,0,0,0,0,0,0,0,0,0,1,i >= j
18,175,525,105,70,350,630,455,245,595,420,315,35,490,280,210,140,385,560,0,2,0,0,0,0,0,0,0,0,0,0,0,0,0,0,0,1,swap beers[15] and pivot
19,175,525,105,70,350,630,455,245,595,420,315,35,490,280,210,140,385,560,0,2,0,0,0,0,0,0,0,0,0,0,0,0,0,0,0,1,
20,175,525,105,70,350,630,455,245,595,420,315,35,490,280,210,140,385,560,0,2,0,0,0,0,0,0,1,0,0,0,0,0,0,0,0,7,
23,175,525,105,70,350,630,455,245,595,420,315,35,490,280,210,140,385,560,0,2,0,0,0,0,0,0,1,0,0,0,0,0,0,0,0,7,
26,175,525,105,70,350,630,455,245,595,420,315,35,490,280,210,140,385,560,0,2,0,0,0,0,0,0,1,0,0,0,0,0,0,0,0,7,left quicksort(14, 14)
0,175,525,105,70,350,630,455,245,595,420,315,35,490,280,210,140,385,560,0,2,0,0,0,0,0,0,1,0,0,0,0,0,0,0,0,7,
1,175,525,105,70,350,630,455,245,595,420,315,35,490,280,210,140,385,560,0,2,0,0,0,0,0,0,1,0,0,0,0,0,0,0,0,7,beers[14]  <= beers[14]; return
27,175,525,105,70,350,630,455,245,595,420,315,35,490,280,210,140,385,560,0,2,0,0,0,0,0,0,1,0,0,0,0,0,0,0,0,7,right quicksort(16, 15)
0,175,525,105,70,350,630,455,245,595,420,315,35,490,280,210,140,385,560,0,2,0,0,0,0,0,0,1,0,0,0,0,0,0,0,0,7,
1,175,525,105,70,350,630,455,245,595,420,315,35,490,280,210,140,385,560,0,2,0,0,0,0,0,0,1,0,0,0,0,0,0,0,0,7,beers[15]  <= beers[16]; return
28,175,525,105,70,350,630,455,245,595,420,315,35,490,280,210,140,385,560,0,2,0,0,0,0,0,0,1,0,0,0,0,0,0,0,0,7,
27,175,525,105,70,350,630,455,245,595,420,315,35,490,280,210,140,385,560,0,2,0,0,0,0,0,0,1,0,0,0,0,0,0,0,0,7,right quicksort(16, 17)
0,175,525,105,70,350,630,455,245,595,420,315,35,490,280,210,140,385,560,0,2,0,0,0,0,0,0,1,0,0,0,0,0,0,0,0,7,
2,175,525,105,70,350,630,455,245,595,420,315,35,490,280,210,140,385,560,0,2,0,0,0,0,0,0,1,0,0,0,0,0,0,0,0,7,
3,175,525,105,70,350,630,455,245,595,420,315,35,490,280,210,140,385,560,0,0,0,0,0,2,0,0,6,0,0,0,0,0,0,0,0,1,
4,175,525,105,70,350,630,455,245,595,420,315,35,490,280,210,140,385,560,0,0,0,0,0,2,0,0,6,0,0,0,0,0,0,0,0,1,
5,175,525,105,70,350,630,455,245,595,420,315,35,490,280,210,140,385,560,0,0,0,0,0,2,0,0,1,0,0,0,0,0,0,0,0,0,beers[16] < pivot
6,175,525,105,70,350,630,455,245,595,420,315,35,490,280,210,140,385,560,0,0,0,0,0,1,0,0,6,0,0,0,0,0,0,0,0,0,beers[17] >= pivot
9,175,525,105,70,350,630,455,245,595,420,315,35,490,280,210,140,385,560,0,0,0,0,0,1,0,0,2,0,0,0,0,0,0,0,0,0,beers[16] <= pivot
10,175,525,105,70,350,630,455,245,595,420,315,35,490,280,210,140,385,560,0,0,0,0,0,1,0,0,2,0,0,0,0,0,0,0,0,0,i >= j
18,175,525,105,70,350,630,455,245,595,420,315,35,490,280,210,140,385,560,0,0,0,0,0,1,0,0,2,0,0,0,0,0,0,0,0,0,swap beers[17] and pivot
19,175,525,105,70,350,630,455,245,595,420,315,35,490,280,210,140,385,560,0,0,0,0,0,1,0,0,2,0,0,0,0,0,0,0,0,0,
20,175,525,105,70,350,630,455,245,595,420,315,35,490,280,210,140,385,560,0,0,0,0,0,7,0,0,2,0,0,0,0,0,0,0,0,0,
23,175,525,105,70,350,630,455,245,595,420,315,35,490,280,210,140,385,560,0,0,0,0,0,7,0,0,2,0,0,0,0,0,0,0,0,0,
26,175,525,105,70,350,630,455,245,595,420,315,35,490,280,210,140,385,560,0,0,0,0,0,7,0,0,2,0,0,0,0,0,0,0,0,0,left quicksort(16, 16)
0,175,525,105,70,350,630,455,245,595,420,315,35,490,280,210,140,385,560,0,0,0,0,0,7,0,0,2,0,0,0,0,0,0,0,0,0,
1,175,525,105,70,350,630,455,245,595,420,315,35,490,280,210,140,385,560,0,0,0,0,0,7,0,0,2,0,0,0,0,0,0,0,0,0,beers[16]  <= beers[16]; return
27,175,525,105,70,350,630,455,245,595,420,315,35,490,280,210,140,385,560,0,0,0,0,0,7,0,0,2,0,0,0,0,0,0,0,0,0,right quicksort(18, 17)
0,175,525,105,70,350,630,455,245,595,420,315,35,490,280,210,140,385,560,0,0,0,0,0,7,0,0,2,0,0,0,0,0,0,0,0,0,
1,175,525,105,70,350,630,455,245,595,420,315,35,490,280,210,140,385,560,0,0,0,0,0,7,0,0,2,0,0,0,0,0,0,0,0,0,beers[17]  <= beers[18]; return
28,175,525,105,70,350,630,455,245,595,420,315,35,490,280,210,140,385,560,0,0,0,0,0,7,0,0,2,0,0,0,0,0,0,0,0,0,
28,175,525,105,70,350,630,455,245,595,420,315,35,490,280,210,140,385,560,0,0,0,0,0,7,0,0,2,0,0,0,0,0,0,0,0,0,
28,175,525,105,70,350,630,455,245,595,420,315,35,490,280,210,140,385,560,0,0,0,0,0,7,0,0,2,0,0,0,0,0,0,0,0,0,
